18509
3082
12920
12407
9120
7036
23978
6759
18730
17809
8360
20238
20692
16359
7489
23915
19275
11487
12889
9657
23744
24362
20434
22938
10747
17223
13211
10252
12975
15646
12557
11787
5353
2370
2586
11430
12945
9775
22525
21199
10809
19103
21279
10866
22130
19966
18266
16388
3590
6324
16604
10747
6008
4143
2380
5352
15320
7249
20644
8078
3464
9548
16372
24070
8378
13609
13773
7418
10110
17501
7441
9386
14866
8343
20044
7043
11317
14819
6679
3591
24023
12194
3190
15124
15828
4264
7440
22489
17675
17028
5647
13724
20895
17599
8996
18299
3973
3825
24879
5240
10979
14487
22209
11570
19319
2157
24088
7320
12164
5615
19064
10577
5374
21306
22768
20049
9218
20406
8943
8643
2586
23044
3936
6416
5671
17715
18038
10739
12378
11753
6186
6768
9531
6608
16583
18177
17913
8149
13170
14945
17974
17791
21884
7835
6987
5282
5781
11879
24611
17694
8558
9817
15449
18837
2841
18751
9574
3154
21545
22808
15201
11512
9088
15173
4809
21555
5310
8072
11595
7043
7664
7040
20664
12042
14368
18896
21322
18754
8853
10769
10096
15286
17911
21554
14870
15301
20139
3413
13919
6578
15556
4200
5990
23349
16692
9116
6658
22640
4445
13797
3102
24233
6045
7297
12393
17548
3773
9642
13332
22561
11000
12973
10149
21519
2742
3042
4640
10287
14672
24730
11260
17604
5982
2703
8016
21045
12627
21676
9872
3179
22371
4182
5751
12702
22801
18711
4521
19929
21041
17954
7236
22011
14107
8919
5084
18683
3586
9788
20252
17625
13822
4014
5461
22784
5478
14483
12116
16526
22219
10385
5678
16380
5520
7705
20784
19261
10299
22578
9726
12741
24425
8824
5173
13648
16744
12534
18881
11837
13935
18035
21346
13464
24495
13141
21468
13683
3150
12948
2288
24956
2678
19515
3490
9370
16112
19476
21027
4298
22477
15074
11065
12726
14428
11872
22393
20791
13590
7295
2725
21189
7663
19519
19256
19578
9059
18845
5811
9319
22757
20952
20497
21143
23316
9670
20475
5928
11406
16413
5156
15036
6565
22395
5901
16787
10038
4943
12075
11986
10454
7986
8204
17390
8135
2212
20756
22945
12243
4215
22980
13760
9758
20817
23088
12864
5393
24913
3209
3236
13095
14844
5638
3346
15729
14751
24672
